"ID"	"study"	"estimate"	"se"	"zval"	"pval"	"ci.lb"	"ci.ub"	"Q"	"Qp"	"tau2"	"I2"	"H2"
"table1"	"zhang2019"	-0.478709644754957	0.113672063389958	-4.21132185410164	2.53880722887652e-05	-0.701502795047629	-0.255916494462286	166.956832463962	2.81752866936061e-28	0.129886321246281	91.6145989395062	11.9254880331401
"table1"	"huang2016"	-0.538515558781958	0.119662110305317	-4.50030136864495	6.78571878247187e-06	-0.773048985294438	-0.303982132269479	123.52787190856	1.27913501155e-19	0.137207875032996	88.6665253892147	8.82341942204001
"table1"	"liu2014"	-0.540806518045329	0.12699797628811	-4.25838689601197	2.05907354618489e-05	-0.789717977679497	-0.29189505841116	158.269327694701	1.58084974202254e-26	0.159685439581729	91.1543189044148	11.3049519781929
"table1"	"bai2014"	-0.47007667232785	0.116237870180266	-4.04409227043509	5.25262313849882e-05	-0.697898711520814	-0.242254633134887	148.83299204649	1.23020679426957e-24	0.128240803540611	90.5934834692923	10.6309280033207
"table1"	"gueli2013"	-0.449817871286231	0.112142618876373	-4.01112329811124	6.04305386178296e-05	-0.669613365415924	-0.230022377156537	161.940272306286	2.8888125678402e-27	0.125631921204675	91.3548373109309	11.5671623075919
"table1"	"aisa2010"	-0.439988779629217	0.109998476294467	-3.99995340345773	6.33549568801592e-05	-0.655581831520655	-0.224395727737779	134.864851914681	7.41573589524866e-22	0.111784019728762	89.6192374801577	9.63320370819148
"table1"	"garcia-alloza2006"	-0.449645182383148	0.111007858309719	-4.05057073643027	5.10928612236396e-05	-0.667216586671123	-0.232073778095172	132.199253349026	2.49913528175689e-21	0.113992280898344	89.4099250598354	9.44280381064475
"table1"	"seidl2001"	-0.438214871877954	0.112293706055491	-3.90239922851424	9.52438950509278e-05	-0.658306491437245	-0.218123252318664	153.392843201666	1.50437914837557e-25	0.120587695922993	90.8731074359224	10.9566316572619
"table1"	"yew1999"	-0.541753276541394	0.117278616295303	-4.61936961446817	3.84907663304768e-06	-0.771615140636881	-0.311891412445908	157.683100477945	2.07322912617785e-26	0.131614005612049	91.1214328247191	11.2630786055675
"table1"	"sasaki1986"	-0.505349186285709	0.121791069596907	-4.14931232608655	3.33475560320621e-05	-0.744055296334257	-0.266643076237162	166.085597003713	4.22272805252245e-28	0.144292399664379	91.5706116288416	11.8632569288367
"table1"	"perry1984"	-0.492971467096778	0.112622718206498	-4.37719382862787	1.20217059307525e-05	-0.713707938622517	-0.272234995571039	167.621836547462	2.06867883803143e-28	0.130030446146236	91.6478662396496	11.9729883248187
"table1"	"tarbit1980"	-0.483361115932707	0.113262491832856	-4.26761859209327	1.97570745179137e-05	-0.705351520724366	-0.261370711141048	167.446909238247	2.24383726716267e-28	0.130089825650357	91.6391409888131	11.9604935170177
"table1"	"mohanakrishnan1997"	-0.45638437235296	0.111400966890318	-4.0967720935699	4.18950994559883e-05	-0.674726255300923	-0.238042489404998	163.170579547779	1.63315983536103e-27	0.126294975701731	91.4200218943878	11.6550413962699
"table1"	"mohanakrishnan1995"	-0.441595739080141	0.109215972407451	-4.04332561754505	5.26983540573528e-05	-0.655655111535266	-0.227536366625016	157.073209176017	2.74865530393902e-26	0.121053940443711	91.0869587032429	11.2195149411441
"table1"	"cross1984"	-0.482839803398594	0.113993490650697	-4.23567872728915	2.27862376651611e-05	-0.706262939545964	-0.259416667251223	167.238302151513	2.47219204179333e-28	0.130230393583628	91.6287119518133	11.9455930108224
"table1"	"smith1983"	-0.531647499354681	0.119508666318907	-4.44861042910469	8.64276109455943e-06	-0.765880181180153	-0.297414817529209	164.118905385129	1.05198405482722e-27	0.137949939858147	91.4695994546473	11.7227789560806
"table2"	"govindpani2020"	-0.62095764887652	0.287966625401684	-2.15635283432706	0.0310561246209617	-1.18536186341336	-0.0565534343396829	14.8650019719405	0.00498955984216824	0.271840770946545	73.0911572864203	3.71625049298513
"table2"	"schwab2013"	-0.524554337174096	0.223949640314119	-2.3422870268438	0.0191659690062179	-0.963487566540468	-0.0856211078077235	12.5225903355288	0.0138601570089845	0.142031821296953	68.0577269332903	3.13064758388219
"table2"	"gleichmann2012"	-0.665911148811434	0.27206890762528	-2.44758269007567	0.0143818120029856	-1.19915640907014	-0.13266588855273	21.5439660547246	0.000246965813259355	0.262411733438612	81.4333164569631	5.38599151368115
"table2"	"boissière1998"	-0.763793088006208	0.267454998806969	-2.85578168818398	0.00429310214312753	-1.28799525315307	-0.239590922859347	21.9297591202485	0.00020697678829435	0.259302002009104	81.7599455695495	5.48243978006212
"table2"	"perry1981"	-0.643711567752875	0.26916591927596	-2.39150472498309	0.0167794679817353	-1.17126707539937	-0.116156060106377	20.8422485273227	0.000340307949189086	0.253667207946888	80.8082127283135	5.21056213183069
"table2"	"davies1979"	-0.887760202427169	0.175946300613894	-5.04563153263061	4.52025796657611e-07	-1.23260861484346	-0.542911790010879	4.76385678551309	0.312396421623992	0.0261811254071173	16.0344195870031	1.19096419637827
"table3"	"govindpani2020"	-0.469493900978327	0.0939940102899687	-4.99493424666053	5.88558167531372e-07	-0.653718775909153	-0.285269026047501	77.9184088506934	1.02799236211275e-11	0.0853790386568289	84.5992748350466	6.49320073755778
"table3"	"kwakowsky2018"	-0.563945163745069	0.0956670611478081	-5.894872874518	3.74969948131039e-09	-0.751449158101564	-0.376441169388574	73.0364286682828	8.62220443010468e-11	0.0855486653086426	83.569842859511	6.08636905569023
"table3"	"jansen1990"	-0.557863469798052	0.10259588534354	-5.437483851619	5.4038246169861e-08	-0.75894771003339	-0.356779229562713	78.2355459060712	8.94749218735463e-12	0.101451334711695	84.6617034993185	6.51962882550593
"table3"	"cross1986"	-0.49162018919696	0.0978420214690465	-5.0246323799891	5.04397779778064e-07	-0.683387027450886	-0.299853350943034	75.9305024699502	2.44969798604084e-11	0.0904929014442598	84.1960745554805	6.32754187249585
"table3"	"rissman2004"	-0.460208770735926	0.0916312891310197	-5.02239764495611	5.10303936834711e-07	-0.639802797289701	-0.280614744182151	75.1189166583089	3.48881954134721e-11	0.0812022136463234	84.0253287270049	6.25990972152574
"table3"	"howell2000"	-0.534815251601648	0.10222049851596	-5.23197655427346	1.67707026303724e-07	-0.735163747174659	-0.334466756028636	87.9754062280559	1.21593803059965e-13	0.102219343202195	86.3598242798757	7.33128385233799
"table3"	"ohyama1999"	-0.521573829704046	0.101399804382798	-5.14373605431265	2.69327865137742e-07	-0.720313794333736	-0.322833865074356	87.5832072444442	1.44747274203018e-13	0.10062634002314	86.2987433578356	7.29860060370368
"table3"	"soricelli1996"	-0.472089762251184	0.0943660621365522	-5.00274941607765	5.6518386897698e-07	-0.657043845401695	-0.287135679100672	78.9359620713805	6.58311727343557e-12	0.086527636915366	84.7978035801368	6.5779968392817
"table3"	"carlson1993"	-0.530195896320166	0.10455097127629	-5.07117140900634	3.95374457029466e-07	-0.735112034570377	-0.325279758069956	87.654810261497	1.40214606141004e-13	0.107029727306558	86.3099355709049	7.30456752179142
"table3"	"shimohama1988"	-0.496482575958616	0.0988792320543679	-5.02110064614609	5.13762287019796e-07	-0.690282309604155	-0.302682842313076	82.7482801579014	1.23110241772153e-12	0.0943902417647209	85.498188026263	6.89569001315845
"table3"	"cross1984"	-0.53803756443691	0.110579399443548	-4.86562205206753	1.14097372591824e-06	-0.754769204778331	-0.321305924095488	86.8508986238537	2.00374975907301e-13	0.122123429956149	86.1832172261437	7.23757488532115
"table3"	"owen1983"	-0.502338896520712	0.0970806422915738	-5.17444966023173	2.28583726285929e-07	-0.692613459008213	-0.312064334033211	86.5806403136866	2.25906448220571e-13	0.0954148812077371	86.140088642769	7.21505335947388
"table3"	"meyer1995"	-0.558720538339974	0.100049971948214	-5.58441474255652	2.34488513847071e-08	-0.754814880012717	-0.362626196667232	72.9533844699674	8.93828035352363e-11	0.0950768880473186	83.5511401051722	6.07944870583062
"table3"	"griffiths1994"	-0.510850563771703	0.101090092598058	-5.05341869457854	4.33971103875501e-07	-0.708983504457717	-0.31271762308569	85.4840044773836	3.67340549897653e-13	0.0992786437921535	85.9622860751981	7.12366703978197
"table4"	"lauterborn2021"	-0.420941597604506	0.213997477986209	-1.96703999302101	0.0491786003067046	-0.840368947239879	-0.0015142479691333	65.794137071452	7.6688821615211e-13	0.234863368630342	92.4005386763109	13.1588274142904
"table4"	"govindpani2020"	-0.720561062859215	0.227129136063155	-3.17247304924744	0.00151146587316701	-1.1657259893827	-0.275396136335733	54.2188235464356	1.88963208870376e-10	0.239093041602059	90.7781104919811	10.8437647092871
"table4"	"nagga1999"	-0.655441261624284	0.304415011572662	-2.15311741112292	0.0313094522254574	-1.25208372066004	-0.0587988025885233	56.9675043215532	5.13554860334072e-11	0.468004017165339	91.2230664489399	11.3935008643106
"table4"	"simpson1988"	-0.500905462012855	0.245639258608817	-2.03919139330473	0.0414309295541438	-0.982349562075256	-0.0194613619504532	60.0279420528598	1.1994038144626e-11	0.287065294117375	91.670545700872	12.005588410572
"table4"	"hardy1987"	-0.383237014066889	0.209800489757533	-1.82667359122849	0.0677488612341644	-0.794438417930518	0.0279643897967409	50.8790468084757	9.15650518054157e-10	0.200779551460969	90.1727718704685	10.1758093616951
"table4"	"poirel2018 "	-0.554909182928529	0.258916442547394	-2.14319792697968	0.0320972086830505	-1.06237608532666	-0.0474422805304031	68.1069892053905	2.5371567781407e-13	0.325301886653373	92.6586095519191	13.6213978410781
"table4"	"li2017"	-0.390213006045532	0.213378492881377	-1.82873634908679	0.0674391143485519	-0.808427167168467	0.0280011550774031	60.7614685887418	8.45934768672217e-12	0.221308806479573	91.7711008042909	12.1522937177484
