"ID"	"study"	"estimate"	"se"	"zval"	"pval"	"ci.lb"	"ci.ub"	"Q"	"Qp"	"tau2"	"I2"	"H2"
"table1"	"jiménez-jiménez1998"	-0.453687962510762	0.682482883832616	-0.664760938711003	0.506203410120126	-1.79132983488772	0.883953909866198	4.11299099032502	0.0425550398420358	0.705228425036362	75.686793325045	4.11299099032502
"table1"	"oishi1996"	-0.394069455365279	0.540275610466747	-0.729385979546329	0.465765591669125	-1.45299019360549	0.664851282874936	4.28603554425646	0.0384266678547301	0.454722495064012	76.6684156098505	4.28603554425646
"table1"	"weiner1996"	-0.928500334893607	0.224935021262302	-4.12786025796695	3.66154507312263e-05	-1.36936487542947	-0.487635794357744	0.25014963187284	0.616969736764552	0	0	1
"table10"	"sasaki1986"	-0.506485087076109	0.407786480098501	-1.24203501536826	0.21422364314084	-1.30573190145153	0.292761727299313	0	1	0	0	1
"table10"	"cross1984"	0.704716109054097	0.476844429989258	1.47787425989221	0.139441437115896	-0.229881799953378	1.63931401806157	0	1	0	0	1
"table11"	"seidl2001"	0.280380129161975	0.740478043178526	0.378647458550471	0.704949674912949	-1.17093016681063	1.73169042513458	11.0626392456532	0.0008808467013742	1.00117478760378	90.9605657583661	11.0626392456532
"table11"	"sasaki1986"	-0.860865192697361	0.540088709707224	-1.59393295439193	0.110951052420475	-1.91941961218023	0.197689226785506	1.56752370091955	0.210566997082859	0.250991260262219	36.2051113221845	1.56752370091955
"table11"	"cross1984"	-0.224586941989436	1.32434464218464	-0.169583456477731	0.865337733906041	-2.82025474378992	2.37108085981105	9.43094937485181	0.00213353810274982	3.16549537343397	89.3966136360931	9.43094937485181
"table12"	"gueli2013"	-0.563790088218794	0.251235718966414	-2.24406820231706	0.0248280134791599	-1.05620304902299	-0.0713771274145965	14.7534370588202	0.0114694886729623	0.216700261726008	66.1095920898596	2.95068741176405
"table12"	"aisa2010"	-0.629262228114965	0.280613108581558	-2.24245485642405	0.0249319898256857	-1.17925381452465	-0.0792706417052831	16.9939963526985	0.00451119714389161	0.290999590033013	70.5778446915694	3.39879927053971
"table12"	"garcia-alloza2006"	-0.629840728247957	0.2828075164269	-2.22710038334769	0.0259405656039843	-1.1841332750019	-0.0755481814940134	16.486059192834	0.0055850461022568	0.29369467867098	69.6713450951738	3.2972118385668
"table12"	"seidl2001"	-0.591172606184089	0.257940335860388	-2.29189670631454	0.0219116043748244	-1.09672637463061	-0.0856188377375643	16.9338047436538	0.00462706418188069	0.247613328487024	70.4732629453884	3.38676094873076
"table12"	"sasaki1986"	-0.708027372875367	0.287242254236919	-2.46491371806107	0.0137046248254	-1.27101184601783	-0.145042899732907	20.2152857262983	0.00113864048430868	0.327654764276205	75.2662412607137	4.04305714525967
"table12"	"perry1984"	-0.734092498029869	0.273789790445499	-2.68122670620911	0.00733528030503947	-1.27071062663782	-0.197474369421922	20.272875121922	0.00111060920816326	0.305901571817342	75.3365027410776	4.05457502438441
"table12"	"smith1983"	-0.881647228798828	0.177462102221533	-4.96808737055439	6.76164982301668e-07	-1.2294665577738	-0.533827899823858	3.5911564057738	0.609641605886269	0	0	1
"table13"	"seidl2001"	-1.16558498318758	0.203243402439919	-5.73492162202969	9.75574495964125e-09	-1.5639347320652	-0.767235234309954	0	1	0	0	1
"table13"	"sasaki1986"	-0.249778482381789	0.520217105555104	-0.480142770613549	0.631125877316797	-1.26938527341146	0.769828308647887	0	1	0	0	1
"table14"	"boissière1998"	0.0981534624588574	0.463211383455631	0.211897777050764	0.832186784876257	-0.809724166343152	1.00603109126087	0	1	0	0	1
"table14"	"davies1979"	1.74316029278812	0.677545343295126	2.57275813351555	0.0100891687525494	0.415195822036848	3.0711247635394	0	1	0	0	1
"table15"	"schwab2013"	-0.85001694050639	0.721610650535722	-1.17794400605831	0.23881892980074	-2.26434782641693	0.564313945404144	7.67826554224747	0.00558898607617605	0.912477662707702	86.9762253662916	7.67826554224747
"table15"	"burbaeva2014"	-0.508376344628161	0.28217623563617	-1.80162706998348	0.071604099323045	-1.06143160376814	0.0446789145118193	1.35466821551458	0.244463668080611	0.0509151378483023	26.1811867623877	1.35466821551458
"table15"	"davies1979"	-1.10831881908489	0.412349775127172	-2.68781235237263	0.00719218011024786	-1.91650952736734	-0.300128110802443	6.31565291497159	0.0119676668298159	0.286338515013633	84.1663243141584	6.31565291497159
"table16"	"schwab2013"	-0.721391570495368	0.485573072205167	-1.48564986773105	0.137371757364019	-1.67309730387996	0.230314162889227	0	1	0	0	1
"table16"	"davies1979"	-1.36734808777566	0.318826503105202	-4.288690163642	1.79729882733057e-05	-1.9922365511787	-0.742459624372612	0	1	0	0	1
"table17"	"govindpani2020"	-0.913614423840703	0.763349816330771	-1.19684894696407	0.231365436167206	-2.40975257145428	0.582523723772874	8.0568185153845	0.00453327179152779	1.02436829500392	87.5881528410936	8.0568185153845
"table17"	"schwab2013"	-0.602698851641303	0.377298609102332	-1.59740544253593	0.110175360067605	-1.34219053689893	0.136792833616325	2.35416387581008	0.124948863363897	0.176942888170054	57.5220735363678	2.35416387581008
"table17"	"davies1979"	-1.24093809458939	0.372011455547735	-3.33575237021205	0.000850689016775216	-1.97006714929928	-0.511809039879507	4.53279604319114	0.0332512479783536	0.216312237056517	77.9385617514793	4.53279604319114
"table18"	"gleichmann2012"	-0.258437402710376	0.464995075355503	-0.555785246785232	0.578357672206845	-1.16981100339565	0.652936197974898	0	1	0	0	1
"table18"	"davies1979"	-0.738820683420704	0.465600160655849	-1.58681363507262	0.112554859757765	-1.65138022950223	0.173738862660822	0	1	0	0	1
"table19"	"schwab2013"	2.22609425930957	0.743239685651028	2.99512297618992	0.00274334213776835	0.769371243552684	3.68281727506646	0	1	0	0	1
"table19"	"boissière1998"	-2.54705972824049	0.851714543327482	-2.99050867241227	0.00278513220570491	-4.21638955827134	-0.87772989820965	0	1	0	0	1
"table2"	"seidl2001"	1.31630068015141	0.531939897967233	2.47452895558606	0.013341200565415	0.273717638195724	2.3588837221071	0	1	0	0	1
"table2"	"sasaki1986"	-1.68398085220046	0.847480939614699	-1.98704274454369	0.0469176602285407	-3.34501297142943	-0.0229487329714839	0	1	0	0	1
"table20"	"schwab2013"	0.0697097758163599	0.356360195899549	0.195616055380129	0.844910692687954	-0.628743373670394	0.768162925303114	0.00923858646659501	0.92342720036169	0	0	1
"table20"	"boissière1998"	-1.1278913738332	1.31907696240597	-0.855061081330656	0.39251733370235	-3.7132347129854	1.45745196531899	7.44391858710767	0.00636511523511611	3.02858518758571	86.5662152494262	7.44391858710767
"table20"	"davies1979"	-1.17887483218733	1.28524719219434	-0.917235874427084	0.359019051860918	-3.69791304011946	1.3401633757448	6.39930230861734	0.0114165220701065	2.7983725915159	84.3732964661883	6.39930230861733
"table21"	"schwab2013"	-1.73826389993098	0.470872021789534	-3.69158459091445	0.00022286124983466	-2.66115610396602	-0.815371695895931	0	1	0	0	1
"table21"	"burbaeva2014"	-0.687490604521309	0.246556703836191	-2.78836711322223	0.00529744756209322	-1.17073286418715	-0.204248344855467	0	1	0	0	1
"table22"	"govindpani2020"	-1.63291227246445	0.275180017666719	-5.93397836917843	2.95680803448072e-09	-2.17225519635632	-1.09356934857258	0	1	0	0	1
"table22"	"schwab2013"	-0.477653112346295	0.589170716052926	-0.8107210683285	0.41752587156081	-1.63240649655571	0.677100271863115	0	1	0	0	1
"table23"	"shimohama1988"	-0.588065683594261	0.15004681202668	-3.91921478138235	8.88379220212972e-05	-0.882152031161604	-0.293979336026918	0.412712731854395	0.520595831264229	0	0	1
"table23"	"meyer1995"	-0.604028969356421	0.151633926995133	-3.98346848443626	6.79166819088495e-05	-0.901226005101258	-0.306831933611584	0.119548783908007	0.729524385871441	0	0	1
"table23"	"griffiths1994"	-0.341615087040157	0.372746246629949	-0.916481628262516	0.359414339006464	-1.07218430580734	0.388954131727027	0.0307206362511779	0.860865099951868	0	0	1
"table24"	"shimohama1988"	0.425111898022102	0.499509920584712	0.851057968026898	0.394737152508151	-0.553909556244396	1.4041333522886	0	1	0	0	1
"table24"	"meyer1995"	-0.452439785388427	0.543766190796212	-0.832048393310257	0.40538162945004	-1.51820193535954	0.613322364582684	0	1	0	0	1
"table25"	"kwakowsky2018"	-0.526962163973373	0.548474910313679	-0.960777155097208	0.336664227478229	-1.60195323461202	0.548028906665274	17.5178269343671	0.000157055161501037	0.780423772490356	88.5830588035076	8.75891346718355
"table25"	"jansen1990"	-0.498005541991933	0.309175332921684	-1.61075444565974	0.107233253621293	-1.10397805942661	0.107966975442748	18.3970911442884	0.000101186463276862	0.239727316417482	89.1287161415139	9.19854557214419
"table25"	"rissman2004"	-0.0707593392907578	0.0898463532977174	-0.787559391044929	0.430954475952046	-0.246854955896545	0.10533627731503	0.503636555028471	0.777385993749073	0	0	1
"table25"	"howell2000"	-0.507093495047804	0.557079832292742	-0.910270782844153	0.362679722982255	-1.59894990285519	0.584762912759584	18.9111149696346	7.8253462148203e-05	0.811443467883613	89.4242089733399	9.45555748481731
"table26"	"kwakowsky2018"	-1.91146540856857	0.611422505353144	-3.12625948805165	0.00177045256681412	-3.10983149839798	-0.713099318739165	0	1	0	0	1
"table26"	"jansen1990"	0.00164098921353101	0.117851606229142	0.0139241989654378	0.988890455617642	-0.229343914515784	0.232625892942846	0	1	0	0	1
"table27"	"ohyama1999"	-0.748435735520405	0.328320428116495	-2.27958930187202	0.0226320580493384	-1.39193195001751	-0.104939521023303	7.24923309514389	0.0643641776558453	0.242564859290518	58.6163120894866	2.41641103171463
"table27"	"soricelli1996"	-0.553422339646815	0.386007608529334	-1.43370837107414	0.151655502344881	-1.30998335012275	0.203138670829116	6.20745926022754	0.101941746244588	0.304012267069472	51.671048101409	2.06915308674251
"table27"	"shimohama1988"	-0.545562170207397	0.278159424741811	-1.96132908569893	0.0498406464586571	-1.09074462466173	-0.000379715753067722	5.39950365513344	0.144774506521359	0.135253709082284	44.439337546372	1.79983455171115
"table27"	"cross1984"	-0.681738048858933	0.388602303340038	-1.75433352555914	0.079373374388228	-1.44338456771472	0.0799084699968505	7.81612917951724	0.0499686085416451	0.35725597947698	61.6178298605692	2.60537639317241
"table27"	"meyer1995"	-0.906031162951177	0.202601112239634	-4.47199500997574	7.74932361932777e-06	-1.30312204616862	-0.508940279733737	3.17090662111861	0.366017901791902	0.0109418722825124	5.38983456593614	1.0569688737062
"table28"	"ohyama1999"	-0.341872378239898	0.180855573236987	-1.89030601667951	0.0587170445765539	-0.696342788187739	0.012598031707942	1.18810323501766	0.275712490381449	0.0242006189673971	15.8322298495266	1.18810323501766
"table28"	"carlson1993"	0.00503463868270027	0.390163331973371	0.0129039257924009	0.989704442558401	-0.759671440073251	0.769740717438652	0.208843025672905	0.647675743747757	0	0	1
"table28"	"meyer1995"	-0.403450803026822	0.112418777369186	-3.58882041299807	0.000332177558100648	-0.623787557856454	-0.18311404819719	0.0820326000779216	0.774561560311436	0	0	1
"table29"	"govindpani2020"	-0.662169490138501	0.179327652520419	-3.69251189558233	0.000222049951022483	-1.01364523051063	-0.310693749766367	0	1	0	0	1
"table29"	"kwakowsky2018"	-1.20122245970246	0.272049990123365	-4.41544754020298	1.00801224068964e-05	-1.73443064233873	-0.668014277066183	0	1	0	0	1
"table3"	"liu2014"	-1.41689139736272	0.46074488486399	-3.07521894199864	0.0021034807801123	-2.3199347777572	-0.51384801696825	0.281625978886316	0.595637467747184	0	0	1
"table3"	"seidl2001"	-1.00517497003141	0.354251742651951	-2.83745949280759	0.00454741165452936	-1.69949562708979	-0.310854312973035	0.146748343366507	0.701662328630783	0	0	1
"table3"	"mohanakrishnan1997"	-1.12938823939361	0.366836006954787	-3.07872787289609	0.00207886477122897	-1.84837360125747	-0.410402877529739	0.915370666337944	0.338693427197359	0	0	1
"table30"	"soricelli1996"	-0.0478016306736394	0.534626549334329	-0.0894112548902741	0.928755079188477	-1.09565041254785	1.00004715120057	0	1	0	0	1
"table30"	"cross1984"	-0.304546282656069	0.610769996509582	-0.498626789784183	0.618042328576512	-1.5016334786525	0.892540913340366	0	1	0	0	1
"table31"	"ohyama1999"	-0.98112447847646	0.776790625130348	-1.26304881487444	0.206571637183161	-2.5036061272603	0.541357170307376	6.08671515792272	0.0136202077475796	1.01000315640172	83.5707771095817	6.08671515792272
"table31"	"soricelli1996"	-0.351246013707115	0.39573221497619	-0.887585090155596	0.374763976728323	-1.12686690258271	0.424374875168479	0.356418800807545	0.550501900358119	0	0	1
"table31"	"meyer1995"	-1.33076818281003	0.514265563512689	-2.58770619156419	0.00966173513868553	-2.3387101657841	-0.322826199835966	1.91999123277354	0.165857626839712	0.270427091162278	47.916428839342	1.91999123277354
"table32"	"shimohama1988"	-0.538252538573589	0.146485848462284	-3.67443370280355	0.00023837752811347	-0.825359525804457	-0.251145551342721	0	1	0	0	1
"table32"	"griffiths1994"	0.276749787773878	0.560048777982829	0.49415300711961	0.621198124815085	-0.820925646658135	1.37442522220589	0	1	0	0	1
"table33"	"cross1986"	-0.861237356951338	0.252712217990007	-3.40797672467657	0.000654464768836945	-1.35654420266499	-0.365930511237688	8.31529186863432	0.13969401954626	0.149509476194723	39.8698196167925	1.66305837372686
"table33"	"ohyama1999"	-0.825071552953514	0.193404286727206	-4.26604584063468	1.98967915257404e-05	-1.2041369893945	-0.446006116512533	8.8288210578576	0.116089812351752	0.0893206484532173	43.3672970917218	1.76576421157152
"table33"	"soricelli1996"	-0.699285354375638	0.101334604086861	-6.90075577515688	5.17265955432143e-12	-0.89789752877351	-0.500673179977766	2.89908771402575	0.715540049952864	0	0	1
"table33"	"shimohama1988"	-0.779232911971515	0.183948765288111	-4.23614102954719	2.27393986391984e-05	-1.13976586693682	-0.418699957006205	8.0930743312622	0.151180167256149	0.0727172120186929	38.2187807087619	1.61861486625244
"table33"	"cross1984"	-0.883692688016301	0.197106357709333	-4.48332919488805	7.34874278148882e-06	-1.27001405025046	-0.497371325782139	7.94657442937762	0.159204698545671	0.0810854477767673	37.0798065954615	1.58931488587552
"table33"	"owen1983"	-0.808636631377689	0.203362334551542	-3.976334325434	6.99857166175435e-05	-1.2072194829107	-0.410053779844681	8.76304307286077	0.118897099111565	0.0967535812935103	42.9421953261299	1.75260861457215
"table33"	"meyer1995"	-0.877682886946389	0.175545198686808	-4.99975444222927	5.74033743229697e-07	-1.22174515403146	-0.533620619861317	7.24848285075107	0.202806488148863	0.0560830476285948	31.0200478782686	1.44969657015021
"table34"	"shimohama1988"	-0.124969465751569	0.494066160325424	-0.252940751233107	0.800313998200992	-1.09332134596939	0.843382414466253	0	1	0	0	1
"table34"	"meyer1995"	-0.360112640130015	0.562599344528994	-0.640087201721679	0.522115908989568	-1.46278709313269	0.742561812872656	0	1	0	0	1
"table35"	"kwakowsky2018"	-0.682800521443022	0.368347674934934	-1.85368489583553	0.0637842538499385	-1.40474869810456	0.0391476552185149	47.237822692168	1.36052328260642e-09	0.555440656723183	91.5322092085688	11.809455673042
"table35"	"jansen1990"	-0.685778278350671	0.355875977339915	-1.92701480857655	0.0539777844609736	-1.3832823768999	0.0117258201985553	38.5435208196529	8.65510342988758e-08	0.509998545656467	89.6221208780687	9.63588020491322
"table35"	"rissman2004"	-0.172398386235402	0.226250098549763	-0.761981485711855	0.446071054226861	-0.615840430891576	0.271043658420772	27.5324229408121	1.55124146660261e-05	0.182073875176757	85.4716745830942	6.88310573520303
"table35"	"howell2000"	-0.458692690716274	0.308938366222584	-1.48473851378432	0.137613105187573	-1.06420076195518	0.146815380522636	41.0386574760036	2.63874532441685e-08	0.367469552518339	90.2530924596183	10.2596643690009
"table35"	"shimohama1988"	-0.281654863303725	0.255373028977714	-1.10291546617597	0.270063877109482	-0.782176802722948	0.218867076115499	41.784942008581	1.84845938561478e-08	0.272845661225164	90.427173503846	10.4462355021452
"table35"	"cross1984"	-0.461981612876577	0.293899532328582	-1.57190319159841	0.115973004267816	-1.03801411131376	0.114050885560609	49.6777914590077	4.21578639027239e-10	0.346882078750049	91.9481122599811	12.4194478647519
"table36"	"kwakowsky2018"	-0.476128936569697	0.521848305835529	-0.912389541645381	0.361563692999957	-1.49893282140058	0.546674948261183	7.91296645421335	0.019130272956885	0.598378143749304	74.7250287035518	3.95648322710668
"table36"	"jansen1990"	-0.515607698764735	0.472884673956309	-1.09034554757504	0.275560958492352	-1.44244462856007	0.411229231030596	16.5060518639071	0.000260469201555669	0.542125410029859	87.8832320624577	8.25302593195356
"table36"	"rissman2004"	0.00632219767397902	0.112783379405357	0.0560561113464805	0.955297107000955	-0.214729164015236	0.227373559363194	0.678520261135965	0.712297134729042	0	0	1
"table36"	"howell2000"	-0.331484796772219	0.454462151754443	-0.729400227263211	0.465756878825875	-1.2222142465475	0.559244653003067	17.464196165874	0.00016132363055102	0.523679011611558	88.5479985393882	8.73209808293699
"table37"	"kwakowsky2018"	-1.09080547329442	0.808136533163007	-1.3497786927477	0.177086981466614	-2.67472397288497	0.493113026296132	4.74143408637919	0.0294445168322112	1.04008175442311	78.9093345645631	4.74143408637919
"table37"	"rissman2004"	0.32101402379549	0.134234781366662	2.39143700706482	0.016782563616607	0.0579186868442244	0.584109360746756	0.709683009771551	0.39954906505105	0	0	1
"table37"	"howell2000"	-0.709166683842606	1.08503315278309	-0.653589876054574	0.513376068438241	-2.83579258532942	1.4174592176442	27.4652333451585	1.59944050058363e-07	2.27069606605001	96.3590333006354	27.4652333451585
"table38"	"kwakowsky2018"	-0.685949523912983	0.580318547749571	-1.1820224023048	0.237196812011989	-1.82335297706273	0.451453929236764	8.8426129062447	0.012018520390042	0.765795431434992	77.3822509115197	4.42130645312235
"table38"	"jansen1990"	-0.553589679699869	0.753908812265258	-0.734292623582031	0.462770412620882	-2.03122379936714	0.924044439967405	32.3623651088893	9.38861879773239e-08	1.53102219244258	93.8199819658711	16.1811825544447
"table38"	"rissman2004"	0.219111242335653	0.329947018165372	0.664080080353487	0.50663905857521	-0.427573030074858	0.865795514746165	3.9276158912453	0.140323059673859	0.169499869441381	49.0785235781833	1.96380794562265
"table38"	"howell2000"	-0.20327854578878	0.674707027910383	-0.301284168357262	0.763197812220756	-1.52568002060919	1.11912292903163	30.5018741875125	2.38013820946737e-07	1.2506309905571	93.4430258688209	15.2509370937562
"table39"	"kwakowsky2018"	-1.20591933365598	0.272914422836981	-4.41867205521897	9.93092039793374e-06	-1.740821773278	-0.671016894033963	0	1	0	0	1
"table39"	"rissman2004"	-0.157374333678019	0.122150865434568	-1.28836036583236	0.197620548679172	-0.396785630610171	0.0820369632541325	0	1	0	0	1
"table4"	"huang2016"	-0.782531324884825	0.480803449959407	-1.62754931344792	0.103620484122761	-1.72488877044787	0.159826120678219	0	1	0	0	1
"table4"	"sasaki1986"	-0.163488309748309	0.354912881723431	-0.460643493565018	0.645054401701095	-0.859104775575558	0.532128156078939	0	1	0	0	1
"table40"	"kwakowsky2018"	-0.866855799371968	0.79046908375961	-1.09663466564568	0.272801127307862	-2.41614673443318	0.682435135689243	16.258106784783	5.5272590654579e-05	1.17520178983075	93.8492223403529	16.258106784783
"table40"	"rissman2004"	0.0771566970941562	0.182787907633975	0.422110510989923	0.672944356197852	-0.281101018677869	0.435414412866182	3.59525589975679	0.0579447068333524	0.0482802777536096	72.1855682076024	3.59525589975678
"table40"	"howell2000"	-0.689641126014112	0.97368152324795	-0.70828203015874	0.478770134090284	-2.59802184399219	1.21873959196397	25.3033660624653	4.89853154126967e-07	1.82290333723149	96.0479566333928	25.3033660624653
"table41"	"govindpani2020"	-0.916586931805618	0.221120718998523	-4.14518791344804	3.39535151540718e-05	-1.34997557727832	-0.483198286332911	0	1	0	0	1
"table41"	"kwakowsky2018"	-1.85413431474458	0.39639770593258	-4.67745975063724	2.90450561087054e-06	-2.63105954192674	-1.07720908756242	0	1	0	0	1
"table42"	"kwakowsky2018"	-0.944700303567839	0.532938660320734	-1.77262483265766	0.0762908940530603	-1.9892408837655	0.0998402766298245	8.17216817518521	0.00425380281328666	0.500975953993561	87.763345313469	8.17216817518521
"table42"	"rissman2004"	-0.0878463954105508	0.350140614720509	-0.250888904963716	0.801900002683984	-0.774109389787464	0.598416598966362	10.5370070095324	0.00117007749687494	0.222094174473819	90.5096390360627	10.5370070095324
"table42"	"howell2000"	-0.605380934816319	0.884121454939845	-0.684725985817762	0.493516848026478	-2.33822714445757	1.12746527482493	24.7919434047688	6.38638450431438e-07	1.5016127376425	95.966431579512	24.7919434047688
"table43"	"kwakowsky2018"	-0.960895212427817	0.392267565043471	-2.44959129445569	0.0143018448646586	-1.72972551221624	-0.192064912639391	1.57697878286768	0.209196412695624	0.139428380376326	36.5876059421971	1.57697878286768
"table43"	"rissman2004"	0.0115326841022099	0.115989734934749	0.0994284891563699	0.920798063757516	-0.215803018946245	0.238868387150665	0.300059440431955	0.583845159362603	0	0	1
"table43"	"howell2000"	-0.566694258344309	0.614092107130812	-0.922816384975281	0.356102900625669	-1.77029267151101	0.636904154822395	17.092448380887	3.56035919843534e-05	0.711235530755133	94.1494630978777	17.092448380887
"table44"	"kwakowsky2018"	-1.09080547329442	0.808136533163007	-1.3497786927477	0.177086981466614	-2.67472397288497	0.493113026296132	4.74143408637919	0.0294445168322112	1.04008175442311	78.9093345645631	4.74143408637919
"table44"	"rissman2004"	0.269927176028335	0.129151779665088	2.08999966340612	0.0366178299394032	0.0167943393455108	0.52306001271116	0.575776764402075	0.447972472006119	0	0	1
"table44"	"howell2000"	-0.735610355573206	1.05739417638419	-0.695682246036818	0.486627846418808	-2.80806485874861	1.3368441476022	26.3107604057837	2.90664712341374e-07	2.15314245630194	96.199273663789	26.3107604057837
"table45"	"kwakowsky2018"	-1.32021528783237	0.283931426056092	-4.64976810130047	3.32308456402933e-06	-1.87671065698141	-0.76371991868333	0.570673567699621	0.449991382619946	0	0	1
"table45"	"rissman2004"	-0.0329309225290652	0.636080447744667	-0.0517716314749612	0.958710660030811	-1.27962569137872	1.21376384632059	3.59311820502106	0.0580192808698547	0.623620724241145	72.1690202509177	3.59311820502106
"table45"	"howell2000"	-0.46030290630127	0.938778668184018	-0.490321011651963	0.623906760915984	-2.30027528539642	1.37966947279388	29.2734533852112	6.28508676146121e-08	1.70317254706138	96.5839356674426	29.2734533852112
"table46"	"kwakowsky2018"	-1.20591933365598	0.272914422836981	-4.41867205521897	9.93092039793374e-06	-1.740821773278	-0.671016894033963	0	1	0	0	1
"table46"	"rissman2004"	-0.39722762166468	0.143050561682853	-2.77683370824748	0.00548912546611898	-0.677601570531297	-0.116853672798063	0	1	0	0	1
"table47"	"kwakowsky2018"	-1.25709527277581	0.654859422597987	-1.91964142134293	0.0549032081917751	-2.54059615600456	0.0264056104529409	0	1	0	0	1
"table47"	"rissman2004"	0.773982869044481	0.197102217020727	3.92680955467431	8.6080085340509e-05	0.387669622410858	1.1602961156781	0	1	0	0	1
"table48"	"kwakowsky2018"	-0.85793196035623	0.614668731681689	-1.3957631422197	0.162785832914371	-2.06266053687525	0.346796616162795	0	1	0	0	1
"table48"	"rissman2004"	-0.519930737833457	0.158595568648341	-3.27834341315245	0.00104418278585095	-0.830772340491855	-0.209089135175058	0	1	0	0	1
"table49"	"kwakowsky2018"	-1.50683726808283	0.685972705348661	-2.19664318468319	0.0280459394765983	-2.85131906494371	-0.162355471221947	0	1	0	0	1
"table49"	"rissman2004"	0.246993859593721	0.128182698392167	1.92688921899629	0.0539934373563554	-0.00423961269608741	0.498227331883529	0	1	0	0	1
"table5"	"jiménez-jiménez1998"	-0.523567591656814	0.219312488135022	-2.38731317176281	0.0169720267072214	-0.953412169761326	-0.0937230135523022	0.589901910684445	0.898740159187636	0	0	1
"table5"	"oishi1996"	-0.377217677216562	0.173909825334256	-2.16904178065584	0.0300795120531848	-0.718074671429356	-0.036360683003768	1.01546411100597	0.797510168753134	0	0	1
"table5"	"weiner1996"	-0.426039695892544	0.173787150155603	-2.45150286146635	0.014226105538333	-0.766656251173381	-0.0854231406117075	1.12139495110479	0.771911928770704	0	0	1
"table5"	"tohgi1992"	-0.390082435711739	0.17813882442518	-2.1897665316388	0.0285411731487653	-0.739228115833395	-0.0409367555900825	1.18420465876637	0.756795126354116	0	0	1
"table5"	"pomara1989"	-0.354425803286221	0.174845605579207	-2.02707870244793	0.0426543645543625	-0.697116893076562	-0.01173471349588	0.589743355352685	0.89877633125036	0	0	1
"table50"	"kwakowsky2018"	-1.19125945759187	0.64737863364657	-1.84012785667904	0.0657494684236643	-2.4600982638999	0.0775793487161578	0	1	0	0	1
"table50"	"rissman2004"	2.52010313107301	0.527740984629192	4.77526514800384	1.79470629244384e-06	1.48574980803409	3.55445645411193	0	1	0	0	1
"table51"	"kwakowsky2018"	-1.18957102889685	0.269908361464593	-4.40731447681696	1.04660178789387e-05	-1.71858169649367	-0.660560361300025	0	1	0	0	1
"table51"	"rissman2004"	0.396951024565839	0.143018566574006	2.77552092763028	0.00551133522216452	0.116639784960243	0.677262264171435	0	1	0	0	1
"table52"	"kwakowsky2018"	-0.864989540039188	0.615266235052152	-1.40587844864568	0.159760221886362	-2.07088920164496	0.340910121566585	0	1	0	0	1
"table52"	"rissman2004"	-0.31485079446773	0.582515658073683	-0.540501856222901	0.588850981218807	-1.4565605047228	0.826858915787336	0	1	0	0	1
"table53"	"govindpani2020"	-0.0606105362266658	0.577542514525497	-0.104945583575718	0.91641898818533	-1.19257306423734	1.07135199178401	0	1	0	0	1
"table53"	"kwakowsky2018"	-3.40947436100502	1.01778262317791	-3.34990427559013	0.000808394920801342	-5.40429164652443	-1.41465707548562	0	1	0	0	1
"table54"	"govindpani2020"	-1.00934069563525	0.62841420788817	-1.60617103013506	0.108236336679131	-2.24100991046933	0.222328519198833	0	1	0	0	1
"table54"	"kwakowsky2018"	-2.00879961739844	0.759744933875968	-2.64404476795943	0.00819218203186597	-3.4978723252321	-0.519726909564774	0	1	0	0	1
"table55"	"govindpani2020"	-1.26339808747404	0.655592079037688	-1.92711005497279	0.0539659159231459	-2.54833495093765	0.0215387759895622	0	1	0	0	1
"table55"	"kwakowsky2018"	-1.6083827205281	0.699769178600627	-2.29844750199557	0.0215363325671919	-2.97990510807651	-0.236860332979699	0	1	0	0	1
"table56"	"kwakowsky2018"	-1.12705052660977	1.15119264859484	-0.979028599587968	0.327565848570206	-3.38334665712293	1.12924560390339	7.56965728569985	0.00593590699746905	2.33652889037932	86.789362288711	7.56965728569985
"table56"	"rissman2004"	-0.0128710686821426	0.0913340781105088	-0.140922960502972	0.887930803296653	-0.191882572339908	0.166140434975623	0.787949114953674	0.374720989380119	0	0	1
"table56"	"howell2000"	-1.05272461290158	1.23532701170575	-0.852182946641771	0.394112560133346	-3.47392106497435	1.36847183917118	8.7671887203761	0.00306697808326559	2.73677236950695	88.5938351289751	8.7671887203761
"table57"	"kwakowsky2018"	-1.15540508207896	0.753720017848159	-1.5329367068923	0.125291450514357	-2.63266917148824	0.321859007330317	11.2009859859961	0.000817538803669375	1.03886910511146	91.0722145242371	11.2009859859961
"table57"	"rissman2004"	-0.151665859821386	0.281945672870504	-0.537925829033897	0.59062825575268	-0.704269224244486	0.400937504601714	7.16562872989491	0.0074313639467663	0.137126357061941	86.044490473976	7.16562872989491
"table57"	"howell2000"	-0.882308400257569	1.03679128715082	-0.850999049849477	0.394769880592038	-2.91438198255811	1.14976518204297	22.888356100306	1.7168875903302e-06	2.05875827873997	95.6309662624192	22.888356100306
"table58"	"kwakowsky2018"	-0.965642384069329	0.666529252976434	-1.44876219574337	0.147404004577022	-2.27201571454553	0.340730946406868	1.95753334947197	0.161777368140632	0.435800715496756	48.9153019911643	1.95753334947197
"table58"	"rissman2004"	0.4793158548194	0.672175338531636	0.713081583544055	0.475795274843498	-0.838123599998625	1.79675530963742	4.00683031232804	0.0453162692804436	0.702692388846867	75.0426166807403	4.00683031232804
"table58"	"howell2000"	-0.234174596348767	1.34919546770043	-0.173566100653966	0.8622064753504	-2.87854912114629	2.41019992844875	13.050060736902	0.000303274572444324	3.37407058427942	92.3372004149201	13.050060736902
"table59"	"kwakowsky2018"	-1.17303590935561	1.02756609670588	-1.14156735329832	0.253633900611804	-3.18702845063353	0.840956631922306	4.05328194328884	0.0440855575916626	1.59584931935428	75.3286345733798	4.05328194328884
"table59"	"rissman2004"	-0.336599633643944	0.133981642542623	-2.51228173693171	0.0119953281114972	-0.599198827617004	-0.0740004396708833	0.0471260084028426	0.828141903947782	0	0	1
"table59"	"howell2000"	-1.13902645106607	0.944809733247076	-1.20556172421247	0.22798652500379	-2.99081950047323	0.712766598341096	5.56281477511588	0.0183458942017049	1.50773083753774	82.023489179016	5.56281477511588
"table6"	"zhang2019"	-0.437195876407372	0.1967367233147	-2.22223827377684	0.0262672071621708	-0.822792768540605	-0.0515989842741381	2.69637117667416	0.440844327160095	0	0	1
"table6"	"aisa2010"	-0.372629437289565	0.208695948627545	-1.78551351734474	0.0741780607620727	-0.781665980318974	0.0364071057398447	2.05833170316531	0.560388427418498	0	0	1
"table6"	"garcia-alloza2006"	-0.4181506921978	0.216985296714911	-1.92709228933236	0.0539681295127698	-0.843434058933764	0.00713267453816274	2.66930203060822	0.445469325163991	0	0	1
"table6"	"yew1999"	-0.541492215570039	0.189533977576583	-2.85696645263113	0.00427711041005029	-0.912971985466764	-0.170012445673314	1.27221008291654	0.735742404561452	0	0	1
"table6"	"sasaki1986"	-0.532836559037092	0.194932480607694	-2.73344163771988	0.00626762298665145	-0.914897200445224	-0.15077591762896	2.04124785731267	0.563889844888027	0	0	1
"table60"	"kwakowsky2018"	-1.25440549935279	0.490632338885657	-2.55671181847052	0.0105666716602984	-2.21602721321933	-0.292783785486255	0.729631117219815	0.393002783887066	0	0	1
"table60"	"rissman2004"	-0.188107043774425	0.180433687684559	-1.04252729181748	0.297167278997242	-0.54175057323391	0.16553648568506	1.08555452198132	0.2974582862362	0.0202346943963161	7.88118148365031	1.08555452198132
"table60"	"howell2000"	-0.759060509683531	0.7616580082783	-0.996589678613581	0.318963717921057	-2.25188277444551	0.733761755078447	4.63980470075552	0.0312385572672122	0.949455949979653	78.4473687041792	4.63980470075552
"table61"	"kwakowsky2018"	-1.70215372971278	0.713048687458462	-2.38714937654511	0.0169795906232514	-3.09970347635492	-0.304603983070636	0	1	0	0	1
"table61"	"rissman2004"	1.71224361196062	0.714507193616745	2.39639800306762	0.0165571009031462	0.311835245777008	3.11265197814422	0	1	0	0	1
"table62"	"govindpani2020"	-1.68690597114715	0.710855348603666	-2.37306503279569	0.0176411575403139	-3.08015685262801	-0.293655089666303	0	1	0	0	1
"table62"	"kwakowsky2018"	-2.00981179959095	0.759906701606059	-2.64481389010417	0.00817358586736834	-3.49920156634945	-0.520422032832446	0	1	0	0	1
"table63"	"govindpani2020"	-0.353840564542027	0.138223321483863	-2.55991941695118	0.010469643677068	-0.6247532964739	-0.0829278326101532	0	1	0	0	1
"table63"	"kwakowsky2018"	-1.80705384409916	0.387232538276792	-4.66658574752179	3.06245875594675e-06	-2.5660156727637	-1.04809201543462	0	1	0	0	1
"table64"	"govindpani2020"	0.243213242455009	0.58043805024797	0.419016710484616	0.675203919839872	-0.894424431287662	1.38085091619768	0	1	0	0	1
"table64"	"kwakowsky2018"	-1.5700864615175	0.694492857937589	-2.26076689424875	0.0237736956438543	-2.93126745059547	-0.208905472439531	0	1	0	0	1
"table65"	"govindpani2020"	-1.12119219444067	0.639770816474536	-1.7524903693154	0.0796895244384059	-2.37511995309055	0.1327355642092	0	1	0	0	1
"table65"	"kwakowsky2018"	-2.04266205881674	0.765182219300622	-2.66951061759347	0.0075961871422164	-3.54239165025639	-0.542932467377094	0	1	0	0	1
"table66"	"govindpani2020"	-0.319008021187539	0.582652339318119	-0.547510066742159	0.584028356359288	-1.46098562175906	0.822969579383986	0	1	0	0	1
"table66"	"kwakowsky2018"	-1.85531737967705	0.735777772179264	-2.52157302086182	0.0116831424282339	-3.29741531377352	-0.413219445580574	0	1	0	0	1
"table67"	"govindpani2020"	-0.689059554020313	0.601688371155704	-1.14521002408072	0.252122166947051	-1.86834709140206	0.490227983361435	0	1	0	0	1
"table67"	"kwakowsky2018"	-0.630763892717132	0.174546605725735	-3.6137276350607	0.000301826123307825	-0.972868953563285	-0.288658831870979	0	1	0	0	1
"table68"	"govindpani2020"	-0.689059554020313	0.601688371155704	-1.14521002408072	0.252122166947051	-1.86834709140206	0.490227983361435	0	1	0	0	1
"table68"	"kwakowsky2018"	-1.71356230332846	0.714698228417731	-2.3976025617443	0.0165027602679756	-3.1143450908418	-0.312779515815129	0	1	0	0	1
"table69"	"nagga1999"	-0.77108763650503	0.371240308329043	-2.07705795735303	0.0377962103181387	-1.4987052704395	-0.0434700025705614	0.0942433980460145	0.758850316902753	0	0	1
"table69"	"simpson1988"	-0.280010760251337	0.271625350667265	-1.03087123334944	0.30260120815983	-0.812386664847239	0.252365144344565	0.65186142070855	0.419447958253894	0	0	1
"table69"	"hardy1987"	-0.402086590073724	0.346713291872277	-1.15970918767615	0.246167228211283	-1.08163215510471	0.277458974957263	1.46038458099553	0.22686893981157	0.0839486854727314	31.5248864570789	1.46038458099553
"table7"	"huang2016"	-0.524052764785901	0.228315410448143	-2.29530176590918	0.0217158364896293	-0.971542746379741	-0.0765627831920613	3.93936191651002	0.414274520183998	0	0	1
"table7"	"liu2014"	-0.32631469698877	0.280607900688018	-1.16288492301423	0.244876195335963	-0.876296076114676	0.223666682137137	6.31549087842866	0.176793574355383	0.142811038478816	36.663672278231	1.57887271960716
"table7"	"yew1999"	-0.428866536953276	0.265115493703444	-1.61765927355797	0.105736047468519	-0.948483356355581	0.0907502824490289	6.35687630260436	0.174034691604509	0.12865145576337	37.0760132871984	1.58921907565109
"table7"	"sasaki1986"	-0.388507230174772	0.281653750727049	-1.37937886206697	0.167777973047717	-0.940538437710411	0.163523977360867	6.73650356757247	0.150485445938542	0.158393798722215	40.6220161560544	1.68412589189312
"table7"	"tarbit1980"	-0.351125198778404	0.273144596635292	-1.28549201816075	0.198620404189889	-0.886478770755297	0.184228373198489	6.60426514970042	0.15833824746875	0.144820630244869	39.4330798456593	1.6510662874251
"table7"	"mohanakrishnan1997"	-0.19712612604945	0.200554967511173	-0.982903233441318	0.325655066291961	-0.59020663929195	0.195954387193049	2.39982352941497	0.662659157592582	0	0	1
"table70"	"nagga1999"	-0.679977031412363	0.501696800841265	-1.35535452941329	0.175304629389373	-1.66328469222021	0.30333062939548	7.38754050807804	0.0248780285140691	0.537068274026792	72.9273904107454	3.69377025403902
"table70"	"simpson1988"	-0.581236334151551	0.394870002072274	-1.47196882797181	0.141029295478861	-1.35516731678847	0.192694648485363	8.42202693903162	0.014831329618285	0.328483277636101	76.2527475336007	4.21101346951581
"table70"	"hardy1987"	-0.27798722769863	0.138734753458543	-2.00373173100926	0.0450988053009882	-0.549902347881418	-0.00607210751584103	2.02617849658494	0.363095552876245	0.00121502162939059	1.29201334576688	1.01308924829247
"table70"	"poirel2018 "	-0.560597277774876	0.614301015344692	-0.912577488514027	0.361464798376496	-1.76460514351686	0.643410587967108	8.96251764929596	0.0113191553507628	0.863817303772743	77.6848417123384	4.48125882464798
"table71"	"simpson1988"	-0.753348146154755	0.541334442689939	-1.39165012743564	0.16402837146276	-1.8143441574181	0.307647865108588	0	1	0	0	1
"table71"	"hardy1987"	-0.359815046818	0.540387190667505	-0.665846735511151	0.505509068979655	-1.41895447823309	0.699324384597089	0	1	0	0	1
"table72"	"hardy1987"	-2.17259191772106	1.02447736586924	-2.12068317964027	0.0339484729504277	-4.18053065780123	-0.164653177640889	0	1	0	0	1
"table72"	"li2017"	-0.709203316377693	0.538681512912475	-1.31655402938048	0.18798815663144	-1.76499968082369	0.346593048068305	0	1	0	0	1
"table73"	"govindpani2020"	-0.00658826897093853	0.31469731325075	-0.0209352564941952	0.983297302165966	-0.623383668973928	0.610207131032051	0	1	0	0	1
"table73"	"nagga1999"	0.618834934855076	0.172758261974454	3.58208590305559	0.000340861661858308	0.28023496335341	0.957434906356742	0	1	0	0	1
"table74"	"lauterborn2021"	-1.81114692515727	0.642983109590651	-2.81678771672606	0.00485065748009056	-3.07137066262252	-0.550923187692028	0	1	0	0	1
"table74"	"hardy1987"	-1.62068500224498	0.620016554195101	-2.61393827516256	0.00895052049913785	-2.835895118286	-0.405474886203951	0	1	0	0	1
"table75"	"simpson1988"	0.0559192402832277	0.517683214191939	0.108018260492593	0.913981207183314	-0.958721214933906	1.07055969550036	0	1	0	0	1
"table75"	"hardy1987"	-0.660725545100471	0.545115799245214	-1.21208291158564	0.225480644332018	-1.72913287902486	0.407681788823916	0	1	0	0	1
"table76"	"nagga1999"	-0.518366073580399	0.244927658542005	-2.11640480567244	0.0343103937078437	-0.998415463140454	-0.0383166840203447	6.61883429547619	0.0100905857581221	0.102151925857005	84.8915994062055	6.61883429547619
"table76"	"simpson1988"	-0.272136333508735	0.102160797703969	-2.66380392112152	0.00772625834671483	-0.472367817640397	-0.0719048493770733	0.165239617222461	0.684377635918222	0	0	1
"table76"	"hardy1987"	-0.523553587019775	0.30727391646578	-1.70386602625309	0.0884061193318667	-1.12579939668127	0.078692222641724	3.15939938973783	0.0754909522794888	0.133923819274921	68.3484144724425	3.15939938973783
"table77"	"nagga1999"	-1.78546605835189	0.464584747289316	-3.84314394471502	0.000121468176192803	-2.6960354308056	-0.874896685898191	0.451046853659782	0.501838239065418	0	0	1
"table77"	"simpson1988"	-0.977445861950728	1.05439957365859	-0.927016556502537	0.35391793812448	-3.04403105163595	1.08913932773449	7.89905693614763	0.00494605777695461	1.95528852781069	87.3402608933757	7.89905693614763
"table77"	"hardy1987"	-0.650395741894014	0.738134549677547	-0.881134397757344	0.378245081354697	-2.0971128750067	0.796321391218669	4.44274263580811	0.0350498982324534	0.860296276652029	77.491381293616	4.44274263580811
"table78"	"govindpani2020"	-0.00658826897093853	0.31469731325075	-0.0209352564941952	0.983297302165966	-0.623383668973928	0.610207131032051	0	1	0	0	1
"table78"	"nagga1999"	-0.403138157846617	0.585794792906735	-0.688190067115876	0.491333098137169	-1.55127485427492	0.744998538581682	0	1	0	0	1
"table8"	"seidl2001"	-0.44372192553771	0.559666364398112	-0.79283293362628	0.427875165853417	-1.54064784311648	0.65320399204106	2.27297404278458	0.13164705686495	0.35188995039586	56.0047769496338	2.27297404278458
"table8"	"yew1999"	-1.10998220562759	0.376811351910184	-2.94572390136528	0.00322199860738842	-1.8485188843374	-0.371445526917784	0.185508589617644	0.666681369471009	0	0	1
"table8"	"sasaki1986"	-0.566712962875389	0.725182730003064	-0.781476087927513	0.434522535260817	-1.98804499589183	0.854619070141051	3.21761836622829	0.0728495509786196	0.725071775559915	68.9211122581885	3.21761836622829
"table9"	"jiménez-jiménez1998"	0.218713517718286	0.461170480736068	0.474257409904467	0.635316358639559	-0.68516401525743	1.122591050694	0	1	0	0	1
"table9"	"weiner1996"	-0.87041711528208	0.253144886002888	-3.43841477118424	0.000585130698417916	-1.36657197471824	-0.374262255845922	0	1	0	0	1
