"ID"	"study"	"estimate"	"se"	"zval"	"pval"	"ci.lb"	"ci.ub"	"Q"	"Qp"	"tau2"	"I2"	"H2"
"table1.1"	"zhang2019"	-0.310031459079261	0.13379233219439	-2.31725879947148	0.020489638208321	-0.572259611587884	-0.047803306570638	25.1532985894325	0.000712745765779869	0.0614004647772068	72.1706480161577	3.59332836991892
"table1.1"	"liu2014"	-0.489288247813182	0.181000178448606	-2.70324732277605	0.00686656328367274	-0.844042078767772	-0.134534416858591	21.292279069982	0.00336080924408951	0.112422132236814	67.1242332631802	3.04175415285457
"table1.1"	"sasaki1986"	-0.370435895167821	0.164521853498953	-2.25159082085212	0.0243481416659152	-0.692892802695545	-0.0479789876400974	20.7967225986849	0.00408295303884424	0.0850635104162397	66.3408502624223	2.97096037124069
"table1.1"	"perry1984"	-0.343569646776923	0.133243487588107	-2.57850986187778	0.00992274673417713	-0.604722083624122	-0.0824172099297241	26.2106844666008	0.000461818137841841	0.064012381635806	73.2933338352159	3.74438349522868
"table1.1"	"tarbit1980"	-0.323856012227225	0.133961225277182	-2.41753545891453	0.0156260114429841	-0.586415189095359	-0.0612968353590921	25.8140404089592	0.000543685406400803	0.063154703016823	72.8829741911672	3.68772005842275
"table1.1"	"mohanakrishnan1997"	-0.265406716414186	0.119836500715211	-2.21474020711703	0.0267779014081476	-0.500281941849308	-0.030531490979064	21.18981809009	0.0034991368341238	0.0473378972195727	66.9652661941739	3.02711687001285
"table1.1"	"mohanakrishnan1995"	-0.220712174574375	0.0975762435035521	-2.26194580411717	0.0237007519324748	-0.411958097588047	-0.0294662515607024	14.9437421128527	0.0367273482101383	0.0264214174526436	53.1576498902542	2.13482030183611
"table1.1"	"cross1984"	-0.317796915714	0.135385495725206	-2.34734831830905	0.0189075698646739	-0.583147611364506	-0.052446220063494	25.4773197092905	0.000624234390131759	0.0627317583333667	72.5245823349016	3.63961710132721
"table1.1"	"smith1983"	-0.464086149696103	0.166896997786974	-2.78067404357062	0.00542461734067081	-0.791198254486434	-0.136974044905772	24.6918553426733	0.000860367557610395	0.0902293199468969	71.6505709965732	3.52740790609618
"table1.2"	"huang2016"	-0.611253419679484	0.0919206248531123	-6.64979617638867	2.93499177579943e-11	-0.791414533828001	-0.431092305530966	0	1	0	0	1
"table1.2"	"bai2014"	0.00916443627749537	0.0442955596975299	0.206892888137644	0.836093510802103	-0.0776532654047071	0.0959821379596978	0	1	0	0	1
"table1.3"	"gueli2013"	-0.594111002303196	0.238148966443978	-2.49470325726966	0.0126062504280104	-1.06087439948883	-0.127347605117561	50.47709809965	6.32246222993566e-11	0.209338273319905	94.0567106411753	16.82569936655
"table1.3"	"aisa2010"	-0.658168025528254	0.298723418022462	-2.20326892978562	0.0275757995074843	-1.24365516619098	-0.0726808848655243	45.9429778216479	5.83204332710972e-10	0.306313431918932	93.470166405743	15.3143259405493
"table1.3"	"garcia-alloza2006"	-0.690816416968759	0.323552935400393	-2.13509550180369	0.0327532099999093	-1.32496851744574	-0.0566643164917752	48.1586556234554	1.97020125306429e-10	0.365544782424383	93.7705902269023	16.0528852078185
"table1.3"	"seidl2001"	-0.602269768321923	0.255679260088577	-2.35556755019267	0.0184944341164275	-1.10339190968938	-0.101147626954463	48.45182679971	1.7065370888311e-10	0.222668934993637	93.8082829933299	16.1506089332367
"table1.3"	"yew1999"	-0.792358569174869	0.0630471272124273	-12.5677188510928	3.1776054309922e-36	-0.915928667839941	-0.668788470509796	2.92439843654203	0.403428927236073	0	0	1
"table3.1"	"govindpani2020"	-0.401185825759364	0.0969109212477223	-4.1397380253342	3.47702663841754e-05	-0.591127741113498	-0.211243910405231	43.3182746702883	7.65137427234434e-07	0.0624742610289083	81.5320437831585	5.41478433378603
"table3.1"	"kwakowsky2018"	-0.519744183957572	0.0945120837345795	-5.4992352662246	3.81441917960751e-08	-0.704984464181182	-0.334503903733962	35.5008404800321	2.16667075792075e-05	0.054344105665384	77.4653222520191	4.43760506000402
"table3.1"	"jansen1990"	-0.507799353354943	0.105500375073412	-4.81324690079625	1.48497637386356e-06	-0.714576288854298	-0.301022417855588	40.0284058083836	3.16492196430804e-06	0.0714195085401133	80.014192825225	5.00355072604796
"table3.1"	"cross1986"	-0.42074196373438	0.103238437559603	-4.07543908722439	4.59276036020128e-05	-0.623085583171389	-0.218398344297371	42.1292108972896	1.28068891055508e-06	0.0683769682010647	81.0108002746506	5.2661513621612
"table3.1"	"howell2000"	-0.479270764808689	0.110799410159987	-4.32557144588274	1.52136947263472e-05	-0.696433618230544	-0.262107911386833	52.6695900937516	1.24946074755313e-08	0.0833498878583985	84.8109696966313	6.58369876171895
"table3.1"	"carlson1993"	-0.471239648353525	0.11479133882907	-4.10518470435494	4.03991957346832e-05	-0.696226538195637	-0.246252758511413	52.6995375748586	1.23290934794043e-08	0.0894858101623972	84.8196011423513	6.58744219685733
"table3.1"	"shimohama1988"	-0.429259748346486	0.105494682580191	-4.06901786751374	4.72117271189586e-05	-0.636025526764145	-0.222493969928828	48.2278786716256	8.93630326836338e-08	0.0741811379358475	83.4120840054557	6.02848483395321
"table3.1"	"cross1984"	-0.477564702090478	0.123789399557956	-3.85788043076249	0.000114374572858869	-0.72018746689191	-0.234941937289045	52.3732480616448	1.42564214736665e-08	0.106515621917124	84.7250260465347	6.5466560077056
"table3.1"	"owen1983"	-0.442781114152706	0.102916848690558	-4.3023190059387	1.69019725530071e-05	-0.644494430988559	-0.241067797316854	51.5274041172217	2.07641380901792e-08	0.0756764984805047	84.4742809441739	6.44092551465271
"table3.1"	"griffiths1994"	-0.447117633833798	0.109280848440971	-4.09145463466376	4.28675810955601e-05	-0.661304160978081	-0.232931106689515	50.8163479939821	2.84672346187388e-08	0.0803592084002479	84.2570347618302	6.35204349924776
"table3.2"	"rissman2004"	-0.514618999417951	0.286204281059993	-1.79808281522553	0.0721638850643702	-1.07556908251672	0.0463310836808147	17.456776423496	0.000161923231974431	0.209815054838012	88.5431310370218	8.72838821174798
"table3.2"	"ohyama1999"	-0.901335651428032	0.527305277286516	-1.70932416240219	0.0873909199991228	-1.93483500376751	0.132163700911447	31.2613071219713	1.62814623742232e-07	0.769045920474703	93.6023148609984	15.6306535609856
"table3.2"	"soricelli1996"	-0.606250334940271	0.329238188845419	-1.84137307116858	0.0655669062593762	-1.25154532741249	0.0390446575319465	21.2420123166344	2.43980789989125e-05	0.280866896847602	90.5846961663146	10.6210061583172
"table3.2"	"meyer1995"	-1.02591437287352	0.350919194661562	-2.92350600503043	0.00346113549146482	-1.71370335589398	-0.338125389853057	10.7743607500876	0.00457485454115218	0.297139442252414	81.4374138160935	5.38718037504378
