"ID"	"study"	"estimate"	"se"	"zval"	"pval"	"ci.lb"	"ci.ub"	"Q"	"Qp"	"tau2"	"I2"	"H2"
"table1"	"zhang2019"	-0.523042237639337	0.174234838772728	-3.00193831109514	0.00268266532741873	-0.864536246486027	-0.181548228792647	68.842894112527	8.34948731178811e-12	0.19598943043254	88.3793380520528	8.60536176406588
"table1"	"huang2016"	-0.564226595414281	0.174988851066194	-3.22435739177947	0.00126255722855095	-0.907198441200066	-0.221254749628497	67.6320935475594	1.45264220058114e-11	0.194125169909869	88.1712962288025	8.45401169344493
"table1"	"liu2014"	-0.607398871044053	0.168259557692502	-3.60989223657705	0.000306324241543228	-0.937181544175997	-0.277616197912109	63.2333613115907	1.0776209261326e-10	0.178357030435676	87.3484505108325	7.90417016394884
"table1"	"gueli2013"	-0.471969596948527	0.171112002928339	-2.75824950249799	0.00581118246704139	-0.807342960010584	-0.136596233886469	66.0883308667579	2.93915684646786e-11	0.187147860051034	87.8949885780457	8.26104135834473
"table1"	"aisa2010"	-0.483317226567897	0.192873901909036	-2.50587156574372	0.0122149980518005	-0.861343127867319	-0.105291325268475	61.0044592777648	2.9597920765244e-10	0.233674308458713	86.886204558302	7.6255574097206
"table1"	"garcia-alloza2006"	-0.495213777915435	0.203776925954703	-2.43017591709826	0.0150914958941149	-0.894609213666938	-0.0958183421639319	63.2044532824114	1.09185994274027e-10	0.268905735693456	87.3426640299312	7.90055666030142
"table1"	"seidl2001"	-0.438017565799033	0.169712320546545	-2.58094146841214	0.00985312858969358	-0.770647601802979	-0.105387529795087	59.9646265139712	4.73610555830595e-10	0.174072711398034	86.6588012548764	7.4955783142464
"table1"	"yew1999"	-0.685155733930334	0.111844520395722	-6.12596604202112	9.01350298785402e-10	-0.904366965774105	-0.465944502086563	19.3961122754585	0.0128789134218332	0.0480798501456239	58.7546210993931	2.42451403443232
"table1"	"sasaki1986"	-0.513362348822223	0.196130077121676	-2.61745855789238	0.00885872446027726	-0.897770236265771	-0.128954461378675	68.5801917952445	9.41613018563934e-12	0.244935545009169	88.3348241079799	8.57252397440557
"table1"	"perry1984"	-0.550439959311774	0.169848519436952	-3.240769840894	0.00119207388974944	-0.883336940235652	-0.217542978387896	68.2977536249059	1.07148872225815e-11	0.191841014074111	88.2865840010839	8.53721920311323
"table10"	"lauterborn2021"	-0.386772270998079	0.305439581520374	-1.26628077825689	0.205412576182298	-0.985422850230997	0.211878308234839	55.7956023206077	4.64476128184115e-12	0.329950833159306	94.6232321630625	18.5985341068692
"table10"	"govindpani2020"	-0.907384451033967	0.368783918373991	-2.46047727632681	0.0138752358350644	-1.63018764912455	-0.184581252943385	48.6297703092459	1.56401490475552e-10	0.438776058781585	93.8309394000374	16.2099234364153
"table10"	"nagga1999"	-0.827384837592742	0.540788443183215	-1.52996027933317	0.126026561107772	-1.88731070948733	0.232541034301845	56.5630877617986	3.18546072039955e-12	1.03948550831131	94.6961877105547	18.8543625872662
"table10"	"simpson1988"	-0.594300591963971	0.40603725653154	-1.46366024891562	0.143286801809569	-1.39011899114724	0.201517807219298	47.8215069701656	2.32410564584617e-10	0.546754285257945	93.7266719723584	15.9405023233885
"table10"	"hardy1987"	-0.167964936172668	0.256950596887605	-0.653685720940896	0.513314304567446	-0.671578851878444	0.335648979533108	34.4674903099896	1.57839991186395e-07	0.206032788714352	91.2961460987761	11.4891634366632
"table11"	"nagga1999"	-0.569151916823275	0.0953156367348813	-5.97123343367428	2.35466545702294e-09	-0.755967131987145	-0.382336701659405	0.527278055831224	0.467753474647943	0	0	1
"table11"	"simpson1988"	-0.44339895050203	0.132114168862174	-3.35618014570866	0.000790270742902038	-0.702337963319335	-0.184459937684726	1.06256732086002	0.302630368175987	0.00365094034063703	5.88831593365559	1.06256732086002
"table11"	"hardy1987"	-0.478096759454517	0.231320982845487	-2.0668110327625	0.0387519634766693	-0.931477554700079	-0.0247159642089552	2.03394294170488	0.153821090744035	0.0612059784878457	50.8344123379496	2.03394294170488
"table2"	"huang2016"	-0.315445326071301	0.117130011303401	-2.69312128088338	0.00707865143676009	-0.545015929734737	-0.0858747224078651	4.86116378041375	0.301841873586826	0.0149620260148074	17.7151772561848	1.21529094510344
"table2"	"liu2014"	-0.257709013030982	0.134596199471928	-1.91468268823394	0.0555329826685243	-0.521512716451929	0.00609469038996546	5.6591366191322	0.226091334672166	0.0271856182379642	29.3178399956462	1.41478415478305
"table2"	"seidl2001"	-0.179254503590634	0.0789867059312505	-2.26942624682508	0.0232424175749141	-0.334065602473341	-0.0244434047079269	2.32795928324081	0.675683377977434	0	0	1
"table2"	"yew1999"	-0.301372276364204	0.138474834480845	-2.17636856179735	0.0295277126101225	-0.572777964711806	-0.0299665880166018	6.10231235736698	0.191636704755484	0.0323339728844859	34.4510774645774	1.52557808934174
"table2"	"sasaki1986"	-0.382888141368736	0.17537541830584	-2.18324862781517	0.0290175054609742	-0.726617645021829	-0.0391586377156433	4.6124600920874	0.329420092885613	0.0219189796584222	13.2783824653152	1.15311502302185
"table2"	"tarbit1980"	-0.271805893675475	0.137918133617841	-1.97077705842964	0.0487493819144583	-0.542120468381425	-0.00149131896952409	6.03207563214723	0.196765617515121	0.0315295932969933	33.6878341066801	1.50801890803681
"table3"	"liu2014"	-1.69108236433583	0.692270243889648	-2.44280666295026	0.0145735422098176	-3.0479071099283	-0.334257618743363	0	1	0	0	1
"table3"	"seidl2001"	-0.91008703106737	0.432559880092782	-2.10395617566789	0.0353822700115965	-1.75788881720619	-0.0622852449285531	0	1	0	0	1
"table4"	"govindpani2020"	-1.18672121042577	0.396184362552792	-2.99537620005796	0.00274106544790797	-1.9632282922672	-0.410214128584335	1.79150788030536	0.18074255064663	0.140793421620021	44.1810995645997	1.79150788030536
"table4"	"schwab2013"	-0.861438100188983	0.196078724191202	-4.39332775007742	1.11628640725886e-05	-1.2457453377383	-0.477130862639665	0.0843070195668754	0.771543357486037	0	0	1
"table4"	"gleichmann2012"	-1.14148427803974	0.316777740314661	-3.60342326107222	0.000314053497128058	-1.76235724016046	-0.520611315919028	2.27004753735944	0.131895856530278	0.117931507737335	55.9480590805944	2.27004753735944
"table5"	"schwab2013"	0.0284622388537184	0.557808709718213	0.0510250886331564	0.959305528745755	-1.06482274245674	1.12174722016417	0	1	0	0	1
"table5"	"boissière1998"	-1.2142934069587	0.289291858356514	-4.19746830711788	2.69915415733512e-05	-1.78129503035813	-0.647291783559272	0	1	0	0	1
"table6"	"schwab2013"	-1.5123609701649	0.216665368444427	-6.9801693783509	2.94824398662902e-12	-1.93701728901308	-1.08770465131672	0	1	0	0	1
"table6"	"burbaeva2014"	-0.687490604521309	0.246556703836191	-2.78836711322223	0.00529744756209322	-1.17073286418715	-0.204248344855467	0	1	0	0	1
"table7"	"govindpani2020"	-0.672784260775302	0.111068649305459	-6.05737321001377	1.38362320774404e-09	-0.890474813225511	-0.455093708325093	29.9567089784877	0.000215135478580315	0.0652176495375547	73.2947968158155	3.74458862231097
"table7"	"kwakowsky2018"	-0.79752090818386	0.125688167565604	-6.34523458835208	2.2208676832683e-10	-1.04386518989528	-0.551176626472442	33.0298790359794	6.08294739027426e-05	0.0854784068323498	75.7795056067701	4.12873487949742
"table7"	"jansen1990"	-0.684383953935113	0.1080239216123	-6.3354851751391	2.36595564735055e-10	-0.896106949763999	-0.472660958106228	30.89743551053	0.00014653251715812	0.0655109070085691	74.1078834931994	3.86217943881625
"table7"	"cross1986"	-0.745127785109818	0.129712078166374	-5.74447496056678	9.22066382036573e-09	-0.999358786675756	-0.49089678354388	33.0926460339621	5.92653605242828e-05	0.0923782204943629	75.8254447474831	4.13658075424526
"table7"	"ohyama1999"	-0.775778063521166	0.125857828034999	-6.16392381493691	7.09640953055402e-10	-1.0224548736422	-0.529101253400132	35.6021238300193	2.07631302609899e-05	0.0876689948024668	77.5294304401737	4.45026547875242
"table7"	"soricelli1996"	-0.676917037367225	0.111674513467327	-6.0615176762357	1.34843065426829e-09	-0.89579506175422	-0.458039012980231	30.5597941300899	0.000168234871071754	0.0666918233874822	73.8218131773243	3.81997426626124
"table7"	"carlson1993"	-0.797993716326	0.131501708582077	-6.06831443431725	1.29259650217806e-09	-1.05573232905235	-0.540255103599647	34.1186885414647	3.86632449802736e-05	0.0960327142568353	76.5524399031998	4.26483606768308
"table7"	"shimohama1988"	-0.638666358832293	0.101570022001081	-6.28794152299675	3.21703037209856e-10	-0.837739943863353	-0.439592773801233	25.4087006684097	0.00132498007520167	0.0512101364487361	68.5147221638677	3.17608758355121
"table7"	"cross1984"	-0.806300359761788	0.136387026318959	-5.91185526602909	3.38275720556391e-09	-1.07361401930546	-0.538986700218111	31.841936802121	9.9412235843915e-05	0.104869390916646	74.8759001385019	3.98024210026513
"table7"	"owen1983"	-0.72263256210595	0.116438820552631	-6.20611372286543	5.43108835501005e-10	-0.95084845679143	-0.49441666742047	35.3393005813156	2.3188889502278e-05	0.0788178698527681	77.362313717579	4.41741257266446
"table8"	"kwakowsky2018"	-0.42256128863067	0.254907266716497	-1.65770593390197	0.0973768355367953	-0.922170350792549	0.0770477735312096	43.7803172826279	7.12645745388684e-09	0.272340731296952	90.8634741631093	10.945079320657
"table8"	"jansen1990"	-0.437816651416685	0.222634218789517	-1.96652901695496	0.0492375338713	-0.874171701970349	-0.00146160086302033	29.0293890570143	7.71065885384679e-06	0.195935359825445	86.220860548791	7.25734726425358
"table8"	"rissman2004"	-0.100649453946474	0.170053372718112	-0.591869789688415	0.553937785061516	-0.43394793992354	0.232649032030591	27.2256811606205	1.78958816623083e-05	0.114197039152828	85.3079892605749	6.80642029015513
"table8"	"howell2000"	-0.30660382498291	0.240519066290855	-1.27475891916252	0.20239458530715	-0.778012532508188	0.164804882542368	44.4430777696314	5.19038149529545e-09	0.239945353159231	90.9997232398399	11.1107694424078
"table8"	"shimohama1988"	-0.266821967703921	0.22807023816356	-1.16991138279327	0.242036632655033	-0.713831420449971	0.180187485042128	36.0455670201745	2.83190472726376e-07	0.209878407334575	88.902935005125	9.01139175504363
"table8"	"cross1984"	-0.288391243324943	0.219072208460225	-1.31642094335898	0.1880327968268	-0.717764881920635	0.140982395270748	46.8945377514672	1.60402399445751e-09	0.208967587009497	91.4702219239279	11.7236344378668
